((1 2381) (10 1245) (11 0) (12 0) (13 0) (14 116) (15 0) (16 0) (17 0) 
 (18 0) (19 5318) (2 1762) (20 0) (21 0) (22 0) (23 0) (24 0) (25 0) 
 (26 0) (27 4092) (28 3877) (29 4611686018427387903) (3 4740) (30 3787)
 (31 10457) (32 2016) (33 4146) (34 0) (35 0) (36 1995) (37 2942) (38 0)
 (39 0) (4 1073) (40 6426) (41 487) (42 3759) (43 0) (44 26011) (45 13645)
 (46 6619) (47 0) (48 17766) (49 29) (5 6017) (50 13057) (51 0) (52 3629)
 (53 5866) (54 0) (55 2450) (56 15019) (57 14466) (58 38676) (59 9626)
 (6 22909) (60 4611686018427387903) (61 54870) (62 165858) (63 0) (64 346474)
 (65 701623) (66 44200) (67 4611686018427387903) (68 453005) (69 7966)
 (7 2019) (70 17835) (71 394031) (72 16956) (73 10278) (74 416307)
 (75 4611686018427387903) (76 166345) (77 2589) (78 101333)
 (79 4611686018427387903) (8 1686) (80 181624) (81 6394) (82 114600)
 (83 188705) (84 4720) (85 4611686018427387903) (86 4611686018427387903)
 (87 266006) (88 58075) (9 9009))